f_name <-
"rosenbrock"
com1 <-
c(0.0347918242278734, 0.0598873998236186, 0.0588069634410684, 
0.00692606237021406)
com2 <-
c(0.118737597777944, 0.233873690288487, 0.261668321161525, 0.029572947355188
)
d <-
"---------------------------------------------------------"
f_name <-
"Sphere"
com1 <-
c(3640.7848139313, 0.0696563379226348, 3437.86915107951, 0.0532186376793803
)
com2 <-
c(865.575717023879, 0.114111866513934, 847.097150446319, 0.0790085144930398
)
d <-
"---------------------------------------------------------"
