
#pso  Sphere函数：  30维    (-100,100)
result1 <-
c(21428.5145959198, 14093.129315542, 6136.66179526754, 3827.38458271547, 
3022.73907711943, 2693.52991917501, 1682.63581349253, 1542.42205078936, 
1249.02178930085, 404.182354556845, 555.311274017175, 324.852584937543, 
164.039618335113, 102.556120663073, 72.9264771441497, 72.673734877883, 
32.7032326251865, 28.1753097346669, 27.0985421485081, 15.725796362311
)

#tpso  Sphere函数：  30维    (-100,100)
result2 <-
c(25040.6473688048, 8751.34457018362, 5794.08400807723, 1929.00531113791, 
2793.4971749837, 1560.31021367414, 1841.14250441098, 745.584627666626, 
935.871874329577, 322.727515104801, 228.314059500635, 67.7220585037005, 
144.234643088287, 120.714128931248, 61.9567764288951, 35.9148884076593, 
27.1608468282964, 16.0180884331578, 4.64938880399181, 3.90398802903153
)

#psco  Sphere函数：  30维    (-100,100)
result3 <-
c(0.00909632153123956, 0.0756894003527889, 0.000829593786375809, 
8.3578265346539e-06, 1.70029521145787e-05, 3.5296949432658e-06, 
9.55920830240808e-11, 1.36523537907075e-07, 5.20685880805803e-12, 
5.07465530029686e-10, 1.1641541970175e-13, 8.48791511753512e-15, 
4.28733026175758e-15, 2.38266269927201e-17, 1.26326689975314e-18, 
2.14862764709389e-20, 8.02826910448459e-21, 3.40951223681428e-21, 
2.59891090866431e-22, 1.90266037829143e-22)

#tpsco  Sphere函数：  30维    (-100,100)
result4 <-
c(0.0484862628491365, 0.00644883002413038, 0.000903903905215005, 
2.62352266660066e-05, 5.07947058359823e-08, 1.25277030620874e-07, 
2.08995687855842e-08, 1.73597910489294e-08, 4.02077576221869e-13, 
5.07918997635367e-11, 7.14844879124949e-12, 2.12853910426692e-15, 
2.04138964542559e-12, 1.14719357957963e-16, 1.92875092061318e-17, 
2.21540688656084e-18, 1.48656564779717e-17, 3.38333612862187e-20, 
6.7178086247926e-24, 4.10002978095137e-20)
